((("-1" .
   [1 0])
  ("<=" .
   [2 0])
  ("to_s" .
   [1 0 0 0])
  ("left" .
   [1 0 0 0])
  ("count2" .
   [2 0 0 0 0 0])
  ("py" .
   [2 0])
  ("px" .
   [1 0])
  ("close" .
   [0 0 0 1 0])
  ("judge" .
   [2 0 0 0 3])
  ("abs" .
   [1 0 0])
  ("bin" .
   [7 0 0])
  ("empty" .
   [1 0 0 1 0])
  ("length" .
   [3 0 0 0 0 0])
  ("words" .
   [4 0 0 0 0])
  ("strEnd" .
   [4 0 1 0 0 0])
  ("str" .
   [26 0 0])
  ("Num" .
   [2 0 0])
  ("to_i" .
   [0 0 6 7])
  ("getc" .
   [0 0 0 1])
  ("len" .
   [3 0 0])
  ("word" .
   [5 0 0 0])
  ("2020" .
   [1 0 0 0])
  ("2018" .
   [1 0 0 0])
  ("num" .
   [13 0 0])
  ("x-select-enable-clipboard" .
   [0 0 0 0 0 0 0 0 0 0 0 0 1 0 0 0 0 0 0 0 0 0 0 0 0])
  ("x-selection" .
   [0 0 0 0 0 0 0 0 0 0 1])
  ("setq" .
   [1 0 0 0])
  ("7631" .
   [1 0 0 0])
  ("append" .
   [1 0 0 0 0 0])
  ("YWhite" .
   [0 0 0 0 0 5])
  ("XWhite" .
   [0 4 2 0 0 2])
  ("6/18" .
   [1 0 0 0])
  ("s" .
   [1])
  ("6/20" .
   [1 0 0 0])
  ("to271828" .
   [2 0 0 0 0 0 0 0])
  ("quickrun" .
   [1 0 0 0 0 0 0 0])
  ("ACAP" .
   [1 0 0 0])
  ("ASTEM" .
   [1 0 0 0 0])
  ("require" .
   [0 0 0 0 0 0 1])
  ("0x10000000" .
   [2 0 0 0 0 0 0 0 0 0])
  ("0x00000001" .
   [1 0 0 0 0 0 0 0 0 0])
  ("0x00000002" .
   [1 0 0 0 0 0 0 0 0 0])
  ("0x1" .
   [2 0 0])
  ("0x00000000" .
   [4 0 0 0 0 0 0 0 0 0])
  ("SSH" .
   [1 0 0])
  ("cd" .
   [1 0])
  ("t_data3" .
   [1 0 0 0 0 0 0])
  ("t_data2" .
   [1 0 0 0 0 0 0])
  ("t" .
   [2])
  ("clone" .
   [1 0 0 0 0])
  ("2048" .
   [2 0 0 0])
  ("uncomment-region" .
   [0 0 0 0 0 0 0 0 0 0 0 0 1 0 0 0])
  ("box" .
   [1 0 0])
  ("128" .
   [2 0 0])
  ("10" .
   [7 0])
  ("printf" .
   [4 0 0 0 0 0])
  ("20" .
   [2 0])
  ("kintex7" .
   [0 0 0 1 0 0 0])
  ("endif" .
   [1 0 0 0 0])
  ("reg+2" .
   [1 0 0 0 0])
  ("yes" .
   [1 0 0])
  ("lsh" .
   [0 0 5])
  ("170" .
   [1 0 0])
  ("weight" .
   [1 0 0 0 0 0])
  ("/perl2/factorize4main" .
   [0 0 0 0 0 0 0 0 0 1 0 0 0 0 0 0 0 0 0 0 0])
  ("10000" .
   [4 0 0 0 0])
  ("1000" .
   [2 0 0 0])
  ("run" .
   [1 0 0])
  ("169" .
   [1 0 0])
  ("SASIMI" .
   [1 0 0 0 0 0])
  ("open" .
   [1 0 0 0])
  ("pi" .
   [1 0])
  ("pyplot" .
   [1 0 0 0 0 0])
  ("my" .
   [1 0])
  ("plt" .
   [1 0 0])
  ("print" .
   [1 0 0 0 2])
  ("Warning" .
   [0 0 0 0 0 0 1])
  ("XColor" .
   [0 1 0 0 0 0])
  ("apply" .
   [0 0 1 0 0])
  ("np" .
   [1 0])
  ("tmpx" .
   [4 0 0 0])
  ("tmpy" .
   [5 0 0 0])
  ("AllX" .
   [2 0 0 0])
  ("AllY" .
   [4 0 0 0])
  ("Ally" .
   [4 0 0 0])
  ("Allx" .
   [2 0 0 0])
  ("math" .
   [3 0 0 0])
  ("100" .
   [3 0 0])
  ("exp" .
   [4 0 0])
  ("array" .
   [1 0 0 0 0])
  ("whoretto" .
   [0 0 0 1 0 0 0 0])
  ("モーター" .
   [1 0 0 0])
  ("error" .
   [1 0 0 0 0])
  ("perl" .
   [0 0 0 1])
  ("line" .
   [2 0 0 0])
  ("element" .
   [1 0 0 0 0 0 0])
  ("input" .
   [6 0 0 0 0])
  ("out" .
   [3 0 0])
  ("Profile" .
   [1 0 0 0 0 0 0])
  ("oRo" .
   [1 0 0])
  ("else" .
   [0 0 0 1])
  ("argv" .
   [10 0 0 1])
  ("index" .
   [1 0 0 0 0])
  ("each" .
   [4 0 0 0])
  ("hash" .
   [1 0 0 0])
  ("sort" .
   [8 0 0 0])
  ("ans" .
   [19 0 0])
  ("times" .
   [1 0 0 0 0])
  ("count" .
   [3 0 0 0 1])
  ("b" .
   [2])
  ("new" .
   [1 0 0])
  ("search" .
   [1 0 0 0 0 0])
  ("add" .
   [1 0 0])))
